1000000
2000000
2976191
4000000
5000000
5952381
6993007
8000000
8928572
10000000
10989011
11904762
12987013
13888889
14705883
15873016
16949153
17857143
18867925
20000000
20833334
21739131
22727273
23809524
25000000
25641026
26315790
27777778
28571429
29411765
30303030
31250000
32258065
33333333
34482759
35714286
37037037
38461539
40000000
41666667
43478261
45454545
47619048
50000000
52631579
55555555
58823529
62500000
66666666
71428571
76923077
83333333
90909090
99999999
111111110
124999999
142857142
166666665
199999998
249999998
